20
285
758
947
1273
1389
1678
1807
2095
2423
2746
3048
3198
3390
3694
3857
4193
4595
4619
5062
5121
5577
5853
5966
407
6311
6635
6727
6971
7397
7588
7800
8137
8379
8590
8862
9107
9419
9501
9729
10184
1326
10344
1266
10678
10764
11234
11506
11771
11917
12193
12378
12789
12925
13210
13393
13707
13875
14238
14513
14744
14850
15113
15546
15576
15668
14950
15892
6796
9023
16369
16420
8747
16675
3073
16922
14358
17332
17521
17664
17921
8509
18234
10266
18552
9930
18913
18988
19316
19636
19783
14860
20140
20416
4965
20571
20872
21033
11839
11493
21412
21655
21937
508
4202
4998
22141
22378
22720
16487
13237
3516
23016
11208
23096
23517
23626
2727
23855
24097
24496
24692
25078
25113
25414
25710
25948
26348
26398
26806
27069
27350
7397
17581
27455
27704
28066
25980
3840
28234
2126
28634
28730
1412
22279
12534
29124
29273
29606
2980
28667
29717
29993
18006
4217
30463
30600
28565
30946
31091
31460
4284
8569
14000
31561
31939
32115
32480
17981
32677
4148
215
2752
755
7291
771
31261
1615
32368
1969
2928
4306
4079
22592
2333
21975
3632
4386
17225
32541
4789
5215
5426
14620
31779
30292
5733
6123
26070
24709
6208
6557
14502
6961
7522
7779
470
7845
8161
8415
15565
9224
24922
19354
10017
18652
25068
16657
12267
9715
28038
20586
1237
25205
10622
11005
26772
11725
12563
356
15453
12922
8597
13436
13600
14286
28601
15178
15757
3848
20614
10744
15880
6677
26128
27307
28495
9180
16349
2748
8898
28097
20934
3202
31235
28872
5983
16909
17905
18274
10270
10751
18974
15614
3156
345
5887
27339
9835
8411
18877
19567
19787
15092
25983
20145
16741
20433
21018
11932
2026
23856
11503
21390
21639
4908
11829
22183
26010
8643
14523
16549
13288
5506
3345
22901
11023
12750
23185
18240
22570
8957
21845
23346
23552
24311
24416
25455
25719
30176
26428
22674
27022
17511
27562
27868
28329
2070
1299
14737
22318
12448
29170
29322
28695
26372
29634
29844
30489
22647
15725
30866
27037
31212
13846
8754
31635
21169
32065
30505
18142
144
4806
513
7304
20225
768
28037
1751
3060
2420
13861
32346
1651
4393
4214
11839
18263
23316
22935
3793
17271
19918
32706
5196
31962
25735
30283
24727
5151
23993
6290
6611
29794
14935
29609
23211
6979
14000
7560
12015
7840
8145
27926
30633
16537
15522
13906
139
9316
11506
19315
10221
13303
18668
9155
14983
24982
32500
4804
12242
9551
1278
23243
25181
10882
26713
9086
11682
12827
23555
13533
13678
27971
16324
31774
6142
14144
10346
1946
15205
3983
15633
19715
20677
16041
31064
16839
6738
14376
26213
28610
17860
24097
2680
19443
20855
26021
31287
14420
20929
16929
10663
19018
12507
9583
3202
21227
409
5802
8046
25716
2341
19996
29859
11843
27288
9804
8787
8344
18769
19575
21400
21692
4915
22023
2145
8635
7998
15089
5531
24982
3529
11162
12679
21805
24367
23623
25427
29974
17447
27500
17563
27840
28344
19338
1304
14712
7390
25644
22314
24035
2222
29160
29438
15082
22963
6859
28766
26613
22552
26588
3238
4852
20919
30841
27048
31576
32063
3486
17933
30228
710
20403
1012
2855
14664
25596
25297
17514
5768
15779
1935
27023
1539
4356
4273
22712
18225
23374
3607
11559
17376
32525
24619
14871
31625
22881
32001
27098
5160
6167
6541
28966
29460
1414
7084
7473
27882
7832
30688
16529
11605
15517
14070
17674
30281
2582
112
6202
32124
18508
3794
9759
14352
9280
11494
27732
523
10152
27223
19161
9655
3919
13106
32332
23094
7685
31299
32086
12102
1255
21436
1354
6931
10779
26858
9378
9148
13007
13465
1434
13779
27930
14605
16258
12519
27943
28860
31836
1697
5976
14100
10331
17875
15349
19801
20537
4580
16045
31132
16654
6465
23867
26114
28934
3564
18865
28523
9424
9674
24296
6436
25997
17000
10606
22809
32354
3226
26698
5101
9966
21010
306
2338
15906
8168
24562
17874
14658
16752
15259
19996
29926
11943
8720
25642
4735
8372
25613
4165
19599
11257
24514
21658
8646
22258
5405
25011
5834
12663
12528
31575
21899
23628
30127
27592
28279
83
21643
19295
7249
22485
16077
23230
2192
2005
29290
19264
7914
6700
14452
26477
20906
30931
17933
20242
18276
816
3036
25501
22871
25109
17655
15783
22566
27192
30210
23423
17404
32711
20608
24617
7640
15034
26978
28977
24052
7780
5182
29604
2852
30545
22854
10330
28946
16592
11619
15657
15464
30582
13832
29753
23748
19322
19902
29338
2775
8057
4890
6352
18563
3770
12336
6465
11458
27012
26080
27891
6727
24017
18124
4542
749
10148
19844
13149
6957
28736
19184
16894
6691
20792
3935
31268
22656
32069
12547
1075
12173
21312
21415
16685
7131
10959
9147
9489
12902
7001
13427
15974
8471
12843
9482
1467
4111
1141
13643
29181
25641
29492
16145
27945
14508
2708
31946
22480
1598
21212
6088
8440
14271
30991
13334
15561
26279
3393
26915
18911
28534
9262
24112
17136
11103
31670
26107
10567
32411
3115
24923
31314
5197
30057
26871
9913
336
21722
9499
5659
6023
26256
2352
809
6688
31622
408
17781
14633
5450
15217
4161
15351
20176
11862
10255
8859
14749
22046
4677
19474
24465
21909
23387
32591
27442
28230
24363
5
7188
23249
2283
2637
4300
2408
2042
25678
26412
30756
20344
18202
13200
25552
1432
25130
17646
10643
10873
11992
27285
26819
30347
12445
28702
6788
17246
20641
24674
3007
5476
26074
7576
15063
7883
22909
15422
16513
11730
11401
15675
30579
13930
19323
22413
29880
23693
29321
7971
4930
6193
26054
18574
3704
27035
19003
21056
6614
27708
25028
23860
11734
14508
11115
25226
26953
23935
18063
5374
17241
4478
23133
614
25867
9996
19812
20985
2826
7558
4016
22528
25519
5029
32204
12629
12130
21342
16887
10404
9188
29133
26525
32312
25697
28585
5201
17002
23860
24994
31772
30395
7033
14448
15965
20648
1083
5670
8666
12853
31539
24358
13650
11029
18522
29637
16920
2372
16295
20957
27926
32387
21043
11069
1732
8252
14128
31063
13463
6811
16731
3392
18795
6118
25594
18422
9423
24074
3100
10589
31389
30135
9808
23489
27693
13309
31544
21532
9647
26348
969
507
17739
